[(0, 197, 408), (1, 217, 394), (2, 344, 434), (3, 378, 105), (4, 447, 434), (5, 399, 336), (6, 312, 168), (7, 257, 308)]
#
[[  0.   0.   0. 181.   0. 202.   0.  60.]
 [  0.   0.   0.   0.   0.   0.   0.  40.]
 [  0.   0.   0.   0.   0.   0.   0.  87.]
 [181.   0.   0.   0.  69.  21.   0. 121.]
 [  0.   0.   0.  69.   0.   0.   0.   0.]
 [202.   0.   0.  21.   0.   0.  87. 142.]
 [  0.   0.   0.   0.   0.  87.   0.   0.]
 [ 60.  40.  87. 121.   0. 142.   0.   0.]]
#
[[0, 7, 60.0], [1, 7, 40.0], [2, 7, 87.0], [3, 7, 121.0], [3, 5, 21.0], [3, 4, 69.0], [5, 6, 87.0]]