[(0, 281, 384), (1, 244, 222), (2, 193, 152), (3, 226, 465), (4, 492, 441), (5, 121, 425), (6, 369, 154), (7, 283, 280)]
#
[[  0.   0.  88.  55.   0.   0.  88.   7.]
 [  0.   0.  51.  18.   0. 123.   0.   0.]
 [ 88.  51.   0.   0. 299.  72.   0.   0.]
 [ 55.  18.   0.   0. 266.   0.   0.  57.]
 [  0.   0. 299. 266.   0. 371.   0.   0.]
 [  0. 123.  72.   0. 371.   0. 248.   0.]
 [ 88.   0.   0.   0.   0. 248.   0.  86.]
 [  7.   0.   0.  57.   0.   0.  86.   0.]]
#
[[0, 7, 7.0], [0, 3, 55.0], [1, 3, 18.0], [1, 2, 51.0], [2, 5, 72.0], [6, 7, 86.0], [3, 4, 266.0]]