[(0, 319, 112), (1, 409, 496), (2, 180, 445), (3, 293, 157), (4, 319, 352), (5, 217, 467), (6, 349, 452), (7, 295, 298)]
#
[[  0.   0. 139.   0.   0. 102.   0.  25.]
 [  0.   0.   0. 116.  90.   0.   0. 114.]
 [139.   0.   0. 113. 139.   0. 169. 115.]
 [  0. 116. 113.   0.  26.   0.   0.   4.]
 [  0.  90. 139.  26.   0.   0.   0.   0.]
 [102.   0.   0.   0.   0.   0. 132.  78.]
 [  0.   0. 169.   0.   0. 132.   0.   0.]
 [ 25. 114. 115.   4.   0.  78.   0.   0.]]
#
[[0, 7, 25.0], [3, 7, 4.0], [3, 4, 26.0], [5, 7, 78.0], [1, 4, 90.0], [2, 3, 113.0], [5, 6, 132.0]]