[(0, 287, 424), (1, 495, 489), (2, 330, 397), (3, 461, 375), (4, 328, 202), (5, 332, 441), (6, 202, 484), (7, 235, 306)]
#
[[  0. 208.  43. 174.   0.   0.  85.  52.]
 [208.   0.   0.   0. 167.   0.   0.   0.]
 [ 43.   0.   0.   0.   0.   0. 128.   0.]
 [174.   0.   0.   0. 133.   0.   0.   0.]
 [  0. 167.   0. 133.   0.   0. 126.   0.]
 [  0.   0.   0.   0.   0.   0. 130.   0.]
 [ 85.   0. 128.   0. 126. 130.   0.   0.]
 [ 52.   0.   0.   0.   0.   0.   0.   0.]]
#
[[0, 2, 43.0], [0, 7, 52.0], [0, 6, 85.0], [4, 6, 126.0], [5, 6, 130.0], [3, 4, 133.0], [1, 4, 167.0]]