[(0, 414, 449), (1, 143, 360), (2, 153, 240), (3, 434, 409), (4, 298, 477), (5, 289, 430), (6, 176, 450), (7, 280, 369)]
#
[[  0.   0. 261.  20. 116.   0.   0. 134.]
 [  0.   0.  10. 291. 155. 146.  33.   0.]
 [261.  10.   0. 281.   0.   0.  23. 127.]
 [ 20. 291. 281.   0. 136.   0. 258. 154.]
 [116. 155.   0. 136.   0.   9. 122.  18.]
 [  0. 146.   0.   0.   9.   0.   0.   0.]
 [  0.  33.  23. 258. 122.   0.   0. 104.]
 [134.   0. 127. 154.  18.   0. 104.   0.]]
#
[[0, 3, 20.0], [0, 4, 116.0], [4, 5, 9.0], [4, 7, 18.0], [6, 7, 104.0], [2, 6, 23.0], [1, 2, 10.0]]